112, 157, 130
113, 156, 130
113, 156, 128
115, 158, 132
114, 157, 129
114, 158, 130
112, 156, 129
112, 157, 130
112, 156, 128
112, 156, 128
114, 157, 130
113, 158, 130
113, 156, 131
113, 157, 129
114, 157, 129
114, 157, 131
112, 156, 129
113, 157, 129
114, 158, 129
114, 158, 130
113, 157, 130
112, 157, 129
114, 157, 129
113, 157, 130
113, 158, 130
111, 155, 128
109, 155, 126
113, 158, 130
114, 158, 130
111, 158, 128
112, 156, 128
114, 157, 129
112, 157, 129
112, 156, 129
112, 156, 128
113, 156, 129
114, 157, 130
113, 157, 130
111, 155, 129
112, 156, 128
114, 158, 130
115, 158, 131
113, 157, 130
112, 156, 129
114, 157, 130
113, 158, 129
113, 157, 130
112, 156, 129
112, 156, 129
114, 158, 130
113, 157, 130
112, 155, 129
113, 157, 129
113, 152, 133
113, 158, 130
114, 157, 130
112, 157, 129
112, 156, 129
113, 157, 129
114, 157, 130
112, 157, 130
112, 158, 133
112, 155, 128
113, 158, 129
114, 157, 130
112, 157, 130
112, 155, 129
111, 157, 129
114, 157, 129
113, 159, 131
113, 157, 130
110, 155, 128
112, 156, 131
114, 157, 129
112, 156, 129
114, 158, 130
113, 157, 130
113, 156, 130
112, 156, 128
113, 157, 129
114, 157, 130
112, 157, 129
113, 157, 131
112, 156, 129
113, 157, 129
113, 158, 130
113, 158, 130
112, 156, 129
112, 156, 128
114, 157, 129
113, 158, 130
113, 157, 130
113, 157, 130
112, 156, 129
113, 157, 129
113, 156, 129
114, 157, 130
113, 158, 130
113, 157, 130
113, 158, 130
112, 156, 129
114, 157, 129
114, 157, 129
113, 158, 130
113, 158, 131
113, 158, 130
113, 156, 130
112, 156, 128
113, 157, 129
115, 158, 130
113, 157, 130
112, 155, 129
112, 155, 129
114, 157, 129
114, 158, 130
114, 158, 130
113, 157, 128
113, 157, 130
114, 158, 129
113, 161, 129
112, 156, 128
113, 156, 130
114, 157, 130
114, 156, 130
114, 157, 130
113, 158, 130
111, 156, 129
112, 156, 129
113, 157, 130
115, 158, 130
113, 158, 131
109, 157, 128
113, 156, 131
114, 158, 130
114, 158, 131
114, 158, 133
112, 156, 129
113, 157, 129
114, 158, 129
113, 157, 132
112, 156, 129
112, 155, 128
114, 157, 130
113, 158, 131
113, 158, 131
113, 157, 130
113, 157, 130
114, 158, 130
113, 158, 131
113, 157, 130
111, 160, 129
113, 158, 131
112, 156, 129
114, 157, 130
114, 158, 129
113, 158, 131
114, 157, 129
114, 158, 130
114, 158, 131
112, 156, 129
118, 156, 132
114, 158, 130
114, 158, 131
112, 156, 128
113, 157, 129
113, 157, 131
113, 157, 130
113, 156, 129
113, 157, 129
113, 158, 130
112, 156, 129
114, 158, 130
114, 158, 131
113, 157, 130
114, 158, 130
115, 159, 132
112, 156, 130
113, 157, 130
114, 158, 131
113, 158, 131
113, 157, 131
114, 158, 129
114, 158, 129
113, 158, 130
113, 157, 130
112, 156, 128
114, 158, 131
113, 157, 130
112, 157, 130
114, 158, 130
114, 158, 130
112, 157, 129
112, 157, 130
114, 158, 130
112, 156, 128
114, 158, 130
114, 158, 132
112, 158, 130
115, 157, 130
114, 158, 131
113, 157, 130
114, 158, 129
114, 158, 129
113, 158, 131
112, 157, 129
113, 157, 130
113, 157, 129
113, 158, 131
113, 157, 130
113, 157, 129
114, 158, 130
114, 159, 130
113, 158, 130
112, 157, 129
114, 158, 130
113, 158, 131
114, 157, 130
115, 159, 131
113, 157, 132
114, 159, 130
112, 158, 130
113, 157, 130
115, 158, 130
112, 157, 130
114, 158, 129
113, 160, 132
112, 157, 129
114, 158, 129
112, 157, 130
114, 157, 130
113, 159, 131
114, 157, 131
114, 157, 130
115, 159, 131
113, 158, 130
112, 157, 129
114, 158, 130
112, 159, 129
115, 159, 131
112, 156, 129
113, 157, 129
115, 158, 130
113, 158, 131
110, 155, 128
113, 157, 129
113, 159, 131
112, 156, 129
114, 157, 129
115, 158, 131
114, 158, 131
109, 157, 130
113, 158, 129
113, 158, 130
114, 158, 131
114, 158, 130
114, 157, 130
113, 157, 129
113, 156, 130
114, 158, 129
114, 158, 130
114, 158, 131
111, 156, 129
113, 157, 131
112, 157, 128
114, 159, 130
115, 160, 131
114, 158, 130
112, 156, 129
112, 156, 128
113, 158, 127
113, 158, 130
113, 156, 130
112, 156, 129
115, 159, 131
110, 160, 130
113, 158, 131
113, 158, 129
113, 159, 131
113, 158, 130
112, 156, 129
114, 157, 129
112, 158, 130
112, 156, 130
113, 158, 129
111, 156, 129
111, 156, 129
113, 157, 129
113, 157, 129
112, 157, 130
114, 158, 130
114, 157, 129
114, 158, 131
111, 156, 129
114, 157, 130
113, 158, 129
119, 158, 134
113, 157, 130
113, 156, 130
114, 158, 129
114, 157, 130
115, 157, 131
111, 156, 128
113, 157, 130
114, 157, 130
115, 158, 130
114, 158, 130
112, 157, 130
115, 158, 130
113, 158, 130
113, 157, 130
114, 157, 129
114, 157, 130
113, 158, 130
114, 157, 130
114, 159, 133
111, 156, 126
113, 157, 130
114, 159, 130
113, 158, 130
112, 156, 129
114, 158, 130
114, 159, 130
113, 157, 130
114, 158, 130
114, 157, 130
113, 158, 131
113, 153, 132
114, 158, 129
112, 157, 130
113, 153, 129
114, 159, 130
113, 157, 130
111, 156, 127
114, 158, 131
113, 157, 130
113, 157, 130
112, 157, 130
112, 156, 130
114, 158, 130
113, 158, 131
113, 157, 129
114, 158, 131
113, 157, 130
112, 156, 129
114, 159, 132
112, 156, 128
113, 157, 130
113, 158, 130
112, 156, 129
114, 158, 129
114, 159, 132
113, 157, 130
114, 158, 129
114, 158, 130
112, 156, 129
114, 157, 129
115, 158, 131
113, 157, 131
117, 157, 131
114, 158, 130
110, 157, 128
112, 155, 129
114, 158, 130
112, 157, 130
111, 156, 129
113, 158, 129
113, 157, 130
112, 156, 128
113, 157, 129
112, 157, 129
111, 156, 129
113, 157, 129
114, 158, 130
110, 156, 128
113, 157, 129
114, 158, 130
112, 157, 130
113, 156, 129
113, 156, 129
112, 155, 130
111, 155, 129
114, 157, 129
111, 156, 129
112, 155, 129
113, 157, 129
112, 156, 129
113, 157, 129
113, 157, 130
113, 157, 130
114, 157, 129
110, 155, 128
113, 156, 129
113, 156, 130
112, 155, 128
114, 157, 130
112, 155, 128
113, 157, 129
114, 158, 130
113, 156, 130
113, 157, 129
114, 158, 130
112, 156, 128
114, 157, 129
113, 158, 129
112, 157, 130
111, 155, 129
111, 157, 128
114, 157, 129
113, 157, 130
113, 157, 129
114, 157, 129
113, 157, 130
114, 157, 129
115, 159, 131
112, 156, 129
114, 158, 130
113, 158, 130
112, 156, 128
114, 158, 130
112, 156, 129
112, 157, 130
114, 158, 129
112, 156, 129
113, 157, 129
113, 157, 129
114, 159, 131
113, 157, 130
113, 158, 130
114, 158, 131
113, 156, 129
118, 159, 132
112, 156, 129
113, 157, 130
114, 158, 131
113, 158, 131
113, 157, 130
114, 158, 129
111, 156, 130
113, 157, 129
113, 157, 130
113, 158, 131
113, 157, 130
114, 157, 130
113, 158, 131
113, 156, 131
112, 157, 130
112, 157, 129
114, 158, 130
113, 158, 130
112, 157, 129
114, 158, 130
115, 160, 132
114, 158, 131
112, 157, 129
115, 155, 132
115, 159, 131
113, 158, 130
112, 157, 129
114, 158, 130
114, 158, 130
112, 157, 129
114, 157, 130
114, 159, 131
114, 158, 131
112, 157, 130
116, 160, 132
114, 160, 133
113, 157, 130
115, 160, 131
115, 159, 130
113, 159, 131
113, 158, 130
114, 158, 130
116, 159, 131
114, 158, 131
114, 159, 131
114, 158, 130
115, 159, 130
116, 161, 133
114, 159, 132
115, 159, 131
114, 159, 130
115, 160, 132
114, 159, 131
114, 159, 131
115, 159, 130
113, 158, 130
114, 158, 131
114, 159, 130
115, 160, 132
113, 158, 130
113, 158, 130
115, 160, 131
115, 160, 132
114, 160, 132
117, 161, 132
115, 161, 132
114, 159, 131
115, 160, 132
116, 158, 132
115, 161, 132
114, 159, 130
116, 160, 132
114, 160, 132
115, 159, 131
115, 160, 131
115, 161, 132
116, 160, 132
117, 161, 133
117, 162, 133
114, 160, 132
116, 161, 132
116, 161, 132
115, 159, 131
115, 160, 131
111, 152, 125
109, 150, 124
109, 150, 125
108, 150, 124
110, 151, 124
109, 151, 125
108, 151, 125
108, 149, 123
108, 149, 123
109, 150, 124
108, 149, 124
109, 149, 124
109, 150, 123
109, 151, 124
108, 150, 124
108, 149, 123
108, 149, 123
110, 151, 124
108, 150, 123
108, 149, 124
109, 150, 124
109, 150, 124
110, 151, 126
107, 148, 122
108, 149, 123
109, 150, 125
107, 149, 124
106, 149, 122
105, 148, 120
108, 150, 123
109, 149, 124
109, 151, 124
110, 151, 125
108, 150, 125
109, 151, 124
109, 152, 125
109, 150, 125
108, 149, 123
109, 151, 125
108, 150, 124
109, 150, 124
110, 151, 125
109, 151, 125
108, 150, 124
104, 150, 124
109, 150, 124
109, 150, 124
108, 149, 124
108, 149, 123
109, 151, 125
108, 151, 125
110, 151, 124
115, 152, 126
109, 151, 126
109, 151, 124
110, 151, 125
108, 150, 124
108, 150, 124
108, 149, 122
109, 150, 124
108, 149, 123
108, 150, 125
109, 150, 123
109, 151, 123
110, 151, 124
109, 151, 125
110, 151, 124
108, 149, 122
109, 151, 125
108, 151, 125
108, 150, 123
109, 151, 125
109, 151, 125
108, 149, 123
109, 150, 124
109, 151, 124
106, 148, 123
108, 149, 122
108, 150, 123
109, 150, 126
109, 150, 124
110, 152, 125
108, 150, 124
108, 149, 124
107, 152, 125
110, 151, 125
108, 150, 124
110, 150, 124
110, 150, 124
109, 151, 125
108, 150, 125
108, 149, 122
109, 151, 124
108, 151, 123
109, 151, 125
109, 150, 125
108, 150, 124
107, 149, 121
108, 149, 123
108, 150, 123
108, 150, 123
108, 148, 125
109, 150, 124
109, 151, 124
110, 151, 125
109, 151, 124
108, 150, 125
109, 150, 125
107, 149, 123
109, 150, 124
109, 151, 124
110, 151, 124
108, 150, 127
110, 152, 126
109, 150, 124
108, 149, 123
109, 150, 124
111, 149, 123
110, 152, 126
108, 149, 124
109, 150, 124
108, 152, 123
111, 150, 124
109, 151, 124
111, 151, 127
113, 149, 131
110, 151, 125
107, 150, 123
108, 149, 124
108, 149, 126
109, 150, 124
106, 150, 124
110, 150, 124
110, 151, 124
110, 151, 124
109, 151, 124
110, 152, 126
109, 151, 124
110, 151, 125
110, 150, 125
108, 151, 124
108, 149, 123
109, 149, 123
110, 150, 123
110, 149, 123
109, 151, 125
109, 150, 125
109, 150, 124
108, 149, 123
108, 150, 125
109, 151, 125
108, 149, 122
107, 149, 123
109, 150, 124
109, 152, 122
109, 152, 125
109, 150, 125
110, 151, 124
109, 150, 124
105, 150, 122
108, 149, 123
109, 150, 123
115, 152, 128
110, 151, 124
109, 150, 125
107, 148, 119
109, 150, 123
110, 151, 124
110, 151, 125
108, 150, 124
107, 149, 123
108, 150, 124
109, 151, 124
111, 152, 125
107, 151, 124
108, 149, 122
108, 149, 122
110, 151, 122
109, 151, 125
110, 152, 126
108, 149, 123
109, 150, 124
109, 151, 125
108, 150, 124
107, 149, 123
108, 149, 123
109, 151, 124
109, 151, 125
110, 151, 125
109, 150, 125
107, 149, 123
110, 151, 124
110, 151, 125
109, 152, 124
108, 150, 124
108, 149, 124
107, 149, 123
109, 150, 124
109, 150, 123
110, 151, 124
109, 151, 125
109, 150, 127
108, 149, 124
109, 150, 125
109, 150, 124
109, 150, 123
110, 150, 124
109, 151, 124
110, 151, 124
110, 152, 124
109, 151, 124
110, 152, 126
109, 150, 125
109, 150, 124
109, 151, 124
110, 152, 125
110, 151, 125
108, 149, 124
109, 150, 124
111, 153, 126
109, 151, 124
106, 148, 122
110, 149, 126
108, 150, 125
108, 149, 123
108, 149, 123
109, 151, 124
110, 150, 124
108, 150, 124
108, 149, 123
109, 149, 123
109, 150, 124
108, 150, 125
107, 148, 123
108, 149, 123
108, 149, 123
107, 148, 122
109, 150, 123
109, 150, 124
107, 148, 122
107, 148, 122
109, 148, 123
106, 147, 121
109, 149, 123
108, 149, 124
108, 148, 124
106, 148, 122
107, 146, 122
105, 150, 122
108, 149, 123
106, 147, 122
106, 146, 120
108, 148, 122
106, 146, 122
108, 147, 123
106, 146, 121
108, 148, 123
107, 147, 122
106, 146, 122
106, 146, 122
105, 144, 120
107, 148, 122
108, 147, 122
107, 147, 123
105, 146, 121
106, 146, 121
107, 146, 120
107, 148, 123
105, 145, 121
105, 146, 121
107, 146, 121
108, 148, 122
106, 146, 122
108, 144, 122
107, 148, 123
107, 145, 123
105, 145, 120
107, 146, 124
108, 148, 123
107, 147, 123
106, 146, 121
108, 148, 122
108, 148, 122
107, 147, 123
107, 147, 121
108, 147, 123
106, 146, 120
105, 145, 121
106, 147, 121
107, 148, 123
106, 146, 121
107, 147, 122
107, 147, 121
109, 148, 123
106, 147, 122
105, 146, 121
105, 145, 120
107, 149, 122
107, 146, 123
106, 147, 122
107, 146, 121
107, 148, 122
107, 147, 123
106, 146, 121
105, 148, 122
106, 147, 123
105, 145, 120
106, 147, 121
108, 148, 123
106, 146, 122
105, 145, 120
107, 147, 121
107, 148, 123
106, 147, 122
106, 147, 121
108, 147, 122
108, 148, 123
106, 148, 123
106, 146, 121
108, 148, 122
107, 147, 122
107, 148, 123
105, 145, 121
108, 148, 122
107, 148, 123
105, 146, 121
106, 146, 122
108, 148, 122
106, 148, 122
106, 146, 122
106, 146, 121
110, 150, 125
106, 147, 123
106, 147, 122
108, 147, 122
107, 149, 123
107, 148, 123
107, 147, 126
106, 147, 122
108, 148, 122
108, 148, 124
107, 148, 122
105, 145, 121
108, 148, 122
109, 149, 122
108, 148, 123
106, 148, 122
107, 146, 122
108, 148, 122
108, 149, 123
107, 147, 122
106, 148, 122
106, 147, 122
106, 147, 120
106, 145, 120
109, 150, 123
108, 148, 123
108, 149, 123
106, 147, 122
107, 147, 123
107, 147, 121
108, 148, 122
111, 146, 122
107, 147, 121
108, 149, 123
106, 147, 122
107, 148, 123
106, 147, 121
108, 148, 123
108, 149, 123
105, 147, 121
105, 146, 121
107, 146, 122
108, 148, 123
108, 148, 123
107, 148, 123
107, 147, 121
108, 148, 123
108, 148, 123
108, 148, 123
107, 148, 124
106, 146, 122
107, 147, 122
107, 147, 121
107, 147, 121
108, 149, 123
107, 148, 123
106, 147, 123
107, 148, 123
107, 147, 122
107, 146, 121
106, 147, 121
107, 149, 123
108, 149, 124
106, 147, 122
107, 147, 121
108, 148, 122
108, 149, 123
108, 148, 119
106, 147, 122
106, 147, 122
108, 148, 122
108, 149, 123
107, 148, 123
107, 147, 121
108, 147, 121
108, 149, 123
109, 150, 124
109, 146, 126
106, 146, 122
109, 149, 123
108, 148, 124
108, 149, 124
104, 147, 121
107, 148, 123
106, 147, 122
107, 147, 122
108, 149, 123
109, 150, 124
107, 149, 123
107, 149, 123
109, 149, 123
106, 148, 123
106, 148, 122
106, 147, 122
108, 148, 123
108, 150, 123
108, 149, 124
107, 147, 123
107, 148, 122
108, 149, 123
109, 150, 125
105, 148, 122
107, 148, 122
108, 149, 123
106, 148, 122
107, 147, 122
108, 149, 123
109, 149, 123
107, 149, 123
108, 148, 123
109, 150, 124
108, 150, 120
108, 148, 123
108, 148, 123
108, 149, 123
108, 149, 124
109, 149, 123
108, 148, 123
108, 149, 124
106, 148, 123
107, 147, 122
108, 148, 122
108, 149, 124
106, 143, 124
108, 148, 122
110, 151, 125
106, 147, 122
108, 148, 123
109, 149, 123
107, 148, 123
107, 147, 122
108, 149, 124
108, 149, 123
107, 148, 123
106, 147, 121