289, 292, 190
289, 293, 190
290, 292, 189
289, 292, 189
290, 292, 190
288, 291, 189
289, 292, 193
288, 290, 188
289, 292, 190
294, 291, 192
289, 293, 190
287, 290, 188
288, 292, 190
289, 292, 190
287, 289, 187
289, 291, 189
289, 291, 189
289, 291, 189
289, 292, 190
288, 292, 190
289, 291, 189
288, 291, 189
288, 291, 188
289, 292, 189
289, 292, 189
289, 292, 189
293, 292, 191
288, 292, 189
288, 292, 189
287, 290, 188
288, 292, 189
290, 293, 191
289, 293, 190
287, 291, 189
289, 293, 191
289, 291, 190
288, 291, 189
289, 292, 189
289, 292, 190
290, 293, 190
288, 291, 189
287, 290, 190
289, 291, 189
290, 293, 190
288, 291, 187
289, 293, 190
288, 292, 189
286, 290, 187
288, 291, 188
289, 291, 188
285, 294, 189
288, 292, 190
287, 292, 188
288, 292, 189
288, 291, 188
290, 294, 193
288, 292, 190
288, 292, 190
288, 292, 190
288, 291, 189
289, 292, 189
289, 292, 188
289, 292, 189
290, 293, 190
287, 291, 188
288, 291, 188
291, 293, 190
288, 292, 189
287, 291, 189
286, 289, 187
289, 292, 189
289, 292, 190
289, 292, 189
289, 293, 191
288, 292, 190
289, 291, 189
290, 293, 190
288, 293, 190
288, 292, 190
288, 292, 189
288, 291, 188
290, 293, 190
289, 292, 190
289, 292, 190
289, 291, 189
289, 292, 189
289, 292, 189
290, 293, 190
288, 292, 189
290, 293, 190
290, 294, 191
288, 292, 190
293, 293, 192
289, 291, 189
288, 291, 189
288, 292, 189
290, 293, 186
290, 293, 190
289, 293, 190
288, 292, 190
290, 293, 191
289, 293, 190
288, 292, 190
289, 292, 189
289, 292, 190
289, 292, 189
289, 291, 189
289, 291, 189
286, 289, 187
289, 292, 189
290, 294, 191
290, 293, 191
288, 292, 190
288, 291, 189
289, 292, 190
288, 291, 188
289, 292, 189
289, 292, 189
290, 293, 190
290, 294, 191
289, 292, 190
289, 292, 189
289, 292, 189
290, 293, 190
290, 293, 191
287, 292, 189
289, 292, 190
289, 292, 190
290, 291, 189
289, 291, 189
288, 292, 190
290, 291, 192
287, 291, 189
288, 292, 189
290, 292, 190
288, 292, 189
289, 291, 189
288, 292, 189
289, 292, 189
288, 292, 189
290, 292, 189
290, 293, 190
289, 293, 189
290, 293, 191
290, 293, 191
288, 291, 190
285, 288, 185
290, 293, 190
290, 293, 190
290, 293, 190
289, 292, 189
289, 293, 188
289, 292, 188
289, 292, 188
285, 288, 187
288, 292, 189
288, 292, 189
289, 291, 189
291, 294, 191
289, 291, 189
288, 291, 188
288, 292, 189
287, 289, 189
286, 288, 186
290, 292, 190
287, 291, 189
289, 292, 190
291, 293, 191
289, 292, 190
288, 291, 188
289, 292, 189
286, 288, 186
289, 291, 189
288, 292, 189
289, 291, 189
288, 291, 189
288, 291, 189
289, 291, 189
287, 290, 188
287, 290, 189
286, 290, 188
288, 291, 189
288, 291, 189
288, 290, 191
284, 291, 188
287, 290, 188
289, 292, 191
287, 292, 189
289, 292, 190
287, 290, 186
288, 292, 190
288, 292, 189
286, 290, 187
288, 291, 188
287, 291, 189
288, 291, 190
285, 289, 186
286, 289, 188
286, 290, 188
288, 294, 188
289, 292, 191
286, 290, 188
287, 288, 189
287, 291, 189
289, 292, 189
288, 291, 188
287, 290, 187
286, 290, 187
287, 289, 188
288, 291, 189
285, 288, 187
288, 291, 189
288, 293, 190
288, 291, 189
288, 292, 189
288, 292, 189
289, 292, 190
288, 292, 189
289, 292, 189
288, 292, 190
288, 292, 190
288, 292, 189
289, 293, 191
288, 292, 189
288, 292, 190
287, 291, 189
290, 293, 190
289, 292, 190
289, 292, 189
289, 292, 190
288, 292, 189
288, 292, 190
287, 291, 186
290, 293, 191
289, 292, 190
289, 294, 191
288, 292, 189
289, 292, 190
289, 293, 190
289, 292, 190
288, 292, 190
289, 292, 190
290, 293, 191
290, 293, 191
290, 293, 191
290, 294, 191
289, 292, 190
289, 292, 190
289, 292, 190
289, 292, 189
291, 291, 191
290, 293, 190
290, 293, 190
290, 293, 190
288, 292, 188
293, 293, 190
290, 293, 190
289, 292, 189
291, 294, 191
291, 293, 190
291, 293, 190
290, 293, 190
291, 294, 190
290, 294, 190
288, 291, 189
290, 292, 189
290, 294, 190
291, 294, 191
287, 290, 187
291, 293, 190
290, 294, 190
291, 293, 190
291, 293, 189
292, 295, 191
293, 295, 191
291, 294, 190
293, 295, 191
292, 295, 192
292, 295, 191
292, 296, 191
292, 296, 192
293, 295, 192
292, 295, 191
291, 294, 191
291, 295, 191
292, 295, 192
290, 294, 191
292, 295, 192
293, 296, 192
292, 295, 191
292, 293, 192
293, 296, 191
292, 296, 192
293, 296, 192
293, 297, 191
292, 295, 191
292, 296, 192
293, 296, 192
292, 296, 191
292, 295, 191
296, 296, 193
291, 295, 191
293, 296, 192
292, 295, 190
292, 295, 191
292, 296, 192
292, 295, 191
292, 295, 191
291, 295, 191
292, 295, 188
291, 295, 191
293, 296, 192
292, 295, 191
292, 294, 191
292, 295, 191
293, 296, 192
293, 296, 193
292, 295, 191
292, 295, 191
293, 296, 191
294, 296, 192
295, 298, 193
294, 297, 191
295, 298, 193
292, 296, 192
293, 296, 193
293, 297, 192
366, 346, 224
367, 348, 222
368, 348, 228
367, 348, 223
367, 347, 224
366, 346, 223
367, 346, 223
367, 348, 224
367, 347, 223
367, 348, 225
366, 346, 223
368, 346, 224
364, 346, 222
366, 346, 222
367, 348, 223
367, 347, 223
367, 347, 224
365, 344, 223
365, 348, 223
369, 347, 223
362, 345, 224
367, 346, 228
367, 347, 223
365, 345, 222
367, 346, 224
366, 346, 222
369, 347, 223
367, 347, 223
367, 347, 223
368, 349, 225
367, 346, 224
367, 347, 223
367, 347, 223
367, 346, 223
369, 348, 225
371, 348, 225
367, 347, 223
367, 349, 224
366, 347, 224
368, 348, 228
366, 347, 223
368, 349, 225
367, 350, 224
367, 348, 224
366, 348, 222
370, 347, 225
366, 347, 226
367, 346, 223
367, 347, 223
367, 348, 224
368, 348, 225
367, 347, 223
366, 347, 222
366, 346, 222
367, 347, 224
366, 346, 224
369, 348, 225
367, 349, 225
367, 346, 225
367, 346, 222
368, 347, 223
369, 348, 224
367, 347, 224
367, 347, 224
367, 347, 224
366, 347, 224
367, 346, 223
366, 346, 223
367, 348, 223
368, 348, 223
367, 347, 223
367, 347, 224
370, 347, 224
367, 347, 223
368, 348, 223
367, 348, 223
367, 348, 224
368, 349, 224
367, 347, 224
362, 347, 220
366, 346, 222
368, 348, 224
367, 347, 223
368, 347, 224
367, 348, 223
367, 348, 223
367, 348, 223
367, 348, 224
366, 347, 223
367, 347, 223
367, 346, 222
367, 348, 222
368, 348, 224
368, 347, 224
368, 348, 223
368, 348, 225
367, 347, 224
366, 344, 226
367, 347, 223
366, 347, 224
367, 347, 223
368, 347, 224
368, 347, 223
367, 347, 221
369, 349, 224
369, 349, 225
368, 348, 223
367, 348, 223
368, 348, 224
367, 347, 224
365, 345, 221
367, 347, 223
367, 347, 226
365, 347, 220
367, 348, 222
368, 347, 223
368, 348, 223
367, 342, 222
369, 349, 225
368, 349, 225
368, 349, 225
367, 347, 223
366, 346, 222
367, 347, 223
366, 346, 222
368, 347, 223
367, 348, 224
368, 348, 225
368, 348, 225
368, 348, 225
367, 347, 223
367, 347, 223
367, 348, 223
367, 348, 224
367, 346, 224
366, 347, 223
368, 342, 224
367, 348, 224
367, 347, 224
367, 347, 224
368, 347, 223
368, 348, 223
367, 348, 224
366, 347, 224
367, 347, 223
368, 347, 223
367, 348, 223
367, 349, 224
366, 347, 224
367, 347, 223
367, 347, 223
368, 348, 223
368, 348, 223
368, 347, 224
364, 348, 222
367, 347, 223
367, 346, 224
367, 348, 223
368, 347, 223
366, 347, 224
367, 346, 224
367, 348, 223
368, 348, 224
367, 347, 224
367, 346, 223
367, 347, 223
368, 348, 223
367, 348, 224
367, 348, 223
367, 347, 224
367, 346, 224
367, 347, 223
368, 347, 223
367, 348, 223
368, 347, 223
368, 349, 224
367, 346, 223
368, 347, 223
367, 347, 223
367, 348, 223
367, 348, 224
368, 348, 224
367, 347, 223
367, 347, 224
367, 348, 223
369, 349, 225
368, 348, 225
367, 347, 224
367, 350, 222
366, 347, 222
367, 348, 222
367, 348, 224
367, 347, 224
367, 347, 224
367, 347, 224
366, 347, 223
368, 348, 223
368, 348, 223
367, 348, 224
367, 347, 224
365, 346, 222
370, 347, 224
369, 348, 224
369, 347, 224
369, 348, 225
369, 345, 224
369, 346, 223
368, 346, 223
369, 346, 223
370, 347, 224
369, 345, 223
369, 345, 223
369, 345, 223
368, 345, 223
369, 345, 222
370, 346, 224
370, 348, 224
369, 347, 225
367, 347, 224
368, 347, 224
364, 344, 221
367, 347, 223
368, 347, 223
368, 349, 224
370, 347, 225
366, 348, 223
367, 348, 223
367, 347, 223
367, 346, 223
369, 349, 224
367, 347, 221
368, 347, 223
367, 347, 224
368, 347, 224
367, 347, 223
368, 348, 223
368, 348, 224
368, 348, 225
368, 347, 224
367, 347, 223
368, 347, 223
367, 347, 223
368, 348, 223
367, 348, 224
368, 348, 224
368, 349, 225
367, 347, 224
367, 347, 224
367, 347, 223
367, 346, 223
369, 349, 224
367, 348, 224
368, 347, 224
367, 347, 223
368, 349, 221
366, 346, 220
368, 346, 222
367, 347, 222
367, 348, 223
368, 348, 223
368, 349, 225
368, 349, 225
366, 348, 223
367, 347, 223
366, 346, 222
367, 348, 223
368, 349, 224
366, 347, 224
367, 347, 223
368, 346, 224
368, 348, 223
366, 348, 224
367, 348, 224
297, 301, 196
298, 301, 197
298, 302, 196
299, 301, 196
298, 301, 195
298, 300, 196
294, 299, 194
297, 300, 195
297, 300, 195
298, 302, 197
297, 300, 196
297, 300, 195
296, 299, 194
296, 299, 194
297, 300, 196
298, 301, 196
297, 302, 196
297, 301, 196
297, 299, 195
299, 302, 196
298, 302, 196
298, 302, 197
297, 301, 196
298, 301, 196
298, 302, 196
293, 302, 197
297, 301, 196
297, 300, 195
297, 300, 195
298, 301, 195
298, 301, 195
298, 301, 196
297, 301, 196
298, 302, 196
296, 300, 196
298, 301, 196
297, 299, 194
298, 301, 196
298, 302, 196
296, 299, 195
297, 299, 195
298, 301, 196
297, 300, 195
296, 300, 195
297, 300, 195
298, 301, 196
297, 300, 195
297, 300, 195
297, 301, 195
298, 301, 196
298, 302, 197
297, 301, 197
298, 301, 196
297, 300, 195
296, 300, 195
297, 299, 196
298, 302, 196
298, 301, 197
295, 301, 196
298, 302, 197
297, 300, 195
297, 299, 195
295, 298, 194
297, 300, 195
298, 302, 196
297, 300, 195
297, 300, 195
296, 300, 195
297, 299, 195
297, 300, 195
297, 301, 195
296, 299, 194
297, 300, 195
297, 300, 195
296, 300, 195
297, 300, 194
297, 300, 194
298, 301, 196
297, 301, 196
295, 300, 193
296, 300, 195
297, 300, 195
298, 301, 195
298, 301, 196
298, 301, 196
295, 299, 194
296, 299, 194
297, 300, 195
298, 301, 196
298, 301, 196
298, 301, 197
297, 301, 196
297, 299, 195
296, 299, 194
297, 300, 195
298, 302, 196
297, 301, 195
297, 301, 196
297, 300, 195
299, 301, 196
298, 302, 196
296, 300, 194
298, 301, 197
296, 300, 195
298, 301, 196
298, 297, 197
300, 301, 199
298, 301, 196
297, 301, 194
297, 302, 193
297, 300, 195
299, 301, 196
296, 300, 194
296, 300, 195
297, 300, 195
298, 301, 196
298, 301, 196
297, 300, 195
298, 301, 197
298, 301, 195
298, 301, 196
296, 299, 194
296, 299, 196
297, 300, 196
297, 300, 194
298, 301, 196
296, 300, 193
298, 302, 196
298, 302, 197
296, 299, 194
296, 300, 194
297, 301, 195
297, 301, 195
298, 298, 198
296, 299, 194
297, 302, 196
297, 300, 195
297, 301, 196
298, 301, 195
297, 300, 195
297, 301, 197
298, 302, 197
297, 300, 195
297, 299, 195
297, 294, 193
298, 301, 195
298, 301, 196
298, 302, 196
297, 301, 196
296, 300, 195
297, 300, 195
297, 300, 194
299, 302, 196
297, 301, 196
297, 301, 196
298, 301, 196
297, 300, 194
297, 300, 195
298, 301, 196
300, 301, 200
297, 301, 195
297, 300, 196
298, 300, 197
299, 300, 196
297, 300, 195
298, 301, 196
298, 302, 196
297, 300, 196
296, 301, 196
297, 299, 195
297, 300, 195
295, 296, 192
299, 301, 196
297, 301, 195
298, 302, 196
297, 302, 196
297, 301, 195
299, 302, 196
298, 301, 196
298, 301, 196
292, 301, 194
298, 301, 196
299, 302, 199
297, 300, 196
297, 299, 190
297, 300, 194
298, 299, 195
297, 300, 195
299, 301, 197
298, 302, 195
298, 301, 195
298, 301, 197
296, 300, 195
297, 301, 196
296, 299, 194
298, 301, 196
297, 300, 194
297, 301, 195
297, 301, 195
298, 301, 196
297, 301, 196
297, 300, 195
297, 300, 195
298, 300, 194
297, 301, 195
297, 301, 195
296, 300, 195
296, 299, 195
296, 297, 196
297, 300, 195
297, 301, 195
298, 302, 196
296, 300, 195
298, 301, 196
297, 301, 195
299, 301, 196
301, 302, 196
298, 301, 196
298, 301, 197
296, 300, 195
296, 299, 194
299, 301, 196
294, 301, 194
296, 300, 194
295, 301, 192
296, 300, 195
297, 301, 195
298, 301, 196
296, 300, 195
298, 301, 196
298, 301, 195
296, 301, 195
299, 303, 198
297, 301, 196
297, 300, 194
297, 300, 195
299, 302, 196
297, 300, 195
298, 301, 197
295, 299, 193
296, 299, 194
297, 301, 195
296, 301, 196
295, 302, 192
295, 300, 194
298, 301, 196
297, 301, 196
298, 301, 197
296, 299, 194
298, 301, 195
298, 301, 196
298, 301, 196
298, 301, 197
297, 301, 196
297, 301, 196
296, 300, 194
297, 300, 195
297, 302, 196
297, 301, 196
295, 298, 192
296, 300, 194
297, 300, 195
298, 299, 196
297, 299, 195
298, 302, 196
296, 300, 194
295, 300, 194
297, 300, 195
295, 298, 199
297, 300, 194
296, 300, 194
298, 302, 196
296, 300, 195
296, 300, 194
297, 300, 195
297, 301, 195
297, 301, 196
297, 302, 196
293, 297, 193
294, 298, 194
296, 300, 194
300, 299, 194
296, 300, 194
296, 299, 194
297, 301, 196
299, 302, 196
297, 301, 196
298, 301, 195
299, 302, 195
298, 302, 196
298, 301, 196
296, 298, 194
295, 298, 195
294, 298, 193
296, 299, 195
295, 300, 195
298, 301, 196
297, 301, 196
298, 302, 197
299, 302, 197
300, 303, 197
301, 303, 196
300, 303, 197
298, 300, 195
295, 298, 194
291, 295, 192
287, 291, 190
289, 293, 192
288, 293, 191
293, 297, 194
294, 298, 194
301, 303, 197
305, 308, 199
308, 310, 201
305, 308, 198
305, 308, 200
298, 302, 196
291, 295, 192
289, 292, 191
286, 289, 188
286, 289, 189
288, 291, 190
290, 294, 192
294, 298, 195
296, 299, 194
302, 304, 197
303, 305, 197
305, 308, 200
300, 304, 197
301, 304, 198
297, 300, 195
294, 297, 193
294, 298, 194
291, 296, 192
291, 295, 193
292, 295, 192
293, 297, 193
292, 298, 192
298, 301, 196
298, 301, 195
299, 302, 196
300, 304, 198
301, 305, 197
301, 304, 197
298, 302, 196
297, 300, 194
296, 299, 193
295, 299, 194
295, 300, 196
295, 298, 194
297, 299, 198
293, 303, 195
296, 300, 195
298, 302, 197
299, 303, 196
298, 303, 197
299, 303, 197
300, 304, 196
299, 301, 195
298, 302, 196
277, 282, 181
276, 282, 181
275, 281, 180
277, 281, 180
275, 281, 179
277, 282, 180
276, 282, 181
277, 282, 181
276, 282, 181
275, 281, 180
277, 281, 180
276, 281, 180
277, 283, 182
275, 281, 180
275, 280, 179
276, 282, 179
276, 281, 180
277, 282, 181
275, 281, 180
275, 281, 180
276, 281, 180
277, 282, 180
276, 282, 181
276, 281, 180
276, 281, 179
277, 281, 181
277, 283, 181
276, 282, 182
275, 280, 179
275, 280, 181
276, 282, 180
278, 283, 182
277, 282, 182
277, 282, 182
276, 281, 180
276, 281, 180
278, 281, 181
277, 282, 180
278, 282, 181
278, 284, 182
278, 284, 182
275, 280, 180
276, 281, 177
276, 281, 180
277, 282, 181
277, 282, 182
278, 283, 182
276, 282, 181
278, 282, 181
276, 282, 180
277, 281, 180
276, 282, 180
277, 282, 182
277, 283, 182
276, 282, 181
277, 282, 181
277, 282, 180
276, 281, 179
276, 282, 180
277, 282, 180
276, 282, 180
276, 282, 181
277, 283, 182
276, 283, 180
276, 281, 178
277, 282, 180
278, 283, 182
278, 283, 182
278, 283, 182
271, 282, 181
277, 282, 180
276, 281, 180
277, 282, 179
277, 283, 182
277, 283, 182
278, 283, 181
276, 282, 181
277, 282, 180
276, 281, 180
278, 283, 181
278, 283, 181
278, 282, 182
278, 283, 182
276, 282, 181
277, 281, 182
276, 282, 179
277, 282, 181
276, 282, 180
277, 283, 182
277, 282, 182
277, 281, 183
277, 281, 180
276, 281, 179
277, 282, 180
277, 282, 180
277, 282, 182
278, 283, 182
276, 281, 180
276, 281, 180
277, 281, 180
277, 282, 180
277, 283, 181
277, 283, 182
276, 282, 180
276, 281, 180
277, 282, 180
276, 281, 180
278, 283, 181
278, 282, 181
278, 283, 181
277, 282, 180
277, 281, 181
276, 282, 180
277, 283, 182
277, 282, 181
276, 282, 181
277, 282, 182
277, 282, 181
276, 282, 181
275, 280, 179
276, 282, 179
277, 281, 180
277, 283, 180
277, 282, 181
275, 283, 180
278, 282, 182
276, 282, 180
278, 283, 182
276, 286, 180
276, 282, 180
278, 282, 181
276, 281, 180
277, 282, 180
276, 282, 180
277, 283, 182
277, 282, 182
277, 283, 181
276, 281, 180
276, 281, 179
276, 281, 180
276, 281, 180
277, 282, 180
276, 282, 180
276, 281, 181
276, 281, 181
276, 282, 180
277, 276, 181
276, 282, 181
276, 281, 180
277, 282, 180
278, 283, 182
278, 283, 181
278, 283, 182
277, 283, 182
276, 282, 181
277, 283, 182
277, 283, 182
276, 282, 181
276, 281, 180
277, 281, 180
278, 282, 181
277, 282, 180
277, 282, 180
278, 282, 181
278, 283, 182
278, 283, 182
276, 282, 181
277, 282, 181
277, 282, 181
277, 282, 181
276, 282, 181
277, 281, 180
277, 282, 181
277, 282, 180
277, 281, 180
276, 281, 179
277, 282, 180
277, 281, 180
275, 281, 179
277, 282, 180
277, 282, 180
277, 282, 181
278, 284, 181
278, 284, 182
278, 284, 182
276, 281, 181
278, 284, 181
277, 283, 182
277, 283, 182
276, 283, 180
276, 282, 181
277, 283, 181
276, 282, 179
277, 282, 180
277, 282, 180
277, 286, 180
277, 283, 181
277, 283, 182
276, 282, 181
276, 282, 180
276, 282, 181
275, 281, 180
278, 281, 180
278, 284, 181
279, 283, 182
278, 283, 183
276, 282, 181
277, 280, 180
279, 283, 181
277, 278, 180
278, 283, 182
278, 283, 182
276, 282, 181
279, 283, 182
278, 284, 182
277, 283, 182
277, 282, 180
277, 283, 181
277, 283, 181
278, 284, 182
276, 282, 182
276, 282, 180
276, 281, 180
277, 282, 180
279, 283, 182
279, 284, 182
279, 284, 182
278, 283, 182
278, 284, 182
278, 282, 181
277, 283, 181
279, 284, 182
280, 284, 181
279, 283, 181
279, 284, 182
279, 283, 176
277, 282, 181
277, 283, 181
278, 284, 182
277, 282, 181
278, 283, 182
278, 284, 182
279, 284, 183
278, 282, 181
278, 282, 181
279, 284, 181
277, 282, 181
277, 283, 181
278, 282, 181
279, 284, 182
278, 284, 182
276, 282, 182
278, 282, 180
279, 284, 182
279, 285, 182
277, 283, 181
278, 283, 182
279, 284, 181
279, 283, 182
277, 283, 181
277, 282, 181
277, 283, 181
279, 284, 182
278, 283, 182
278, 284, 182
277, 283, 181
279, 284, 182
278, 283, 182
278, 283, 181
278, 283, 181
277, 283, 181
278, 283, 182
277, 282, 180